4528716342057227
4968143428018006
4681324402404224
4930339947551411
4228242810131926
4347397499690836
4939958828746427
4429023632309149
4823878223556941
4557711087921210
4522957049336417
4757423533178431
4632580139660392
4980892445801034
4152523692802266
4144105815704289
4272266747615318
4911936608480617
4175677893056347
4455292763648222
4859180636698197
4599093407172638
4448203083669160
4160789293271256
4805228700483205
5467464989498632
5168219568847548
5521963244891485
5386930068840991
5548650034176743
5296149274911178
5323592443676650
5221367192515208
5237452574614894
5588272849058718
5108936570262779
5440237796918428
5104768555734975
5437434405732184
5529395554266267
5243761197861514
5180962148841150
5522240185913498
5341325371362417
5185145811792075
5372223050633244
5212954774708037
5584714437046336
5167566705013355
5182915979736145
6011981394647551
6011124884437478
6011591117971814
6011858311688688
6011195628222574
6011805906852898
6011264869011177
6011181276611854
6011368050567580
6011672530905645
6011113821088106
6011709272730342
6011085598870009
6011812324198896
6011529889875888
6011345363439954
6011160739001804
6011576356176613
6011125361304891
6011258128903059
6011559556468089
6011249840589474
6011096224493892
6011965791488040
6011921514693689
370641400137124
371776181304789
344237155452843
374864649771364
343161000176616
378727393100625
342287779425214
373706943375114
341460404397113
340852613652885
374772618050670
347072144963387
374472440924818
378325758922244
371128088125430
341572435028507
341807496218039
373886560259237
378735216719885
378914571421144
344841939320588
378938318169856
348291274331152
347202226611691
348890822808882
3548610315193333
3568122629909888
3538247224152597
3529150006315955
3578887372628343
3538931283525716
3548688858814895
3548188982777449
3578195518935949
3578658206100795
3579911872921427
3558291604031737
3589996562461543
3529961226182094
3528521041346026
3549749649286550
3539505203052123
3538966189393314
3578290783446282
3528965407631416
3528871377660049
3548880132867811
3548814311136946
3589936824597767
3539601374535606
4839490942727134
4870425940661331
4377328425545789
4285112316841395
4316557393429477
4459250650887788
4089631981752320
4193428673409787
4995152124294370
4555152184653780
4913811369801624
4327664896721298
4712093376990236
4055623065272507
4848380429086733
4526848208182260
4012831002865810
4698279036870110
4719576882218129
4758284147258772
4293247997866129
4255444366254914
4696189611090335
4939569548928060
4867226777137451
5565874400511550
5327647824745171
5445056551130176
5534362917500967
5181303422149862
5397022736684501
5168997115422630
5225740698198313
5303314818316281
5406985402571740
5535902506762186
5421806819919911
5138875755689253
5483300880199996
5581196457849620
5102244141983346
5317234277915767
5151225891491879
5233133088396608
5229224201641008
5314751435557119
5544871280639556
5324231690912604
5511737267868865
5347763548562762
6011160835295250
6011125098684722
6011586201643022
6011926570404616
6011826685049340
6011946973797853
6011178363504661
6011430145115047
6011367336000317
6011742552402191
6011807205877923
6011719924889131
6011589451715409
6011782962254782
6011204157365901
6011440970409381
6011877512500906
6011142554204556
6011560706331672
6011972206088761
6011374293398965
6011541188742693
6011518531851454
6011201057219832
6011817571585661
343930563261738
372593349163620
347099810463335
375606397484107
374977747559042
343508249768514
379691297223124
375789270943371
379024498553232
375546278635718
370655064017380
341216395381973
342313316259054
370400166218457
375105477612091
373738564200297
373597761200538
371027064687787
346615821301049
340119408402706
370549152353981
344185286510031
376419033715317
376679831135881
376023390501789
3569684507665840
3528574226549799
3558838896410274
3589688398791231
3578303911118929
3529320435268667
3528079050738955
3578660510401117
3559917415795040
3589808809451619
3529444931636175
3528748778188269
3528189366826350
3539338606621280
3588383720929656
3528256250164659
3528173642990586
3549527316889199
3588719372152222
3589348184328660
3549523943980626
3538993443116422
3548439311889490
3558459741392045
3588546502412964